================================================================================
Paper-Guided Prefix Correction Results (r=7)
================================================================================

SUMMARY TABLE
--------------------------------------------------------------------------------
Orig ID  Changes    Result     Original Prefix
                               Corrected Prefix
--------------------------------------------------------------------------------
1        1          SAT        [1,-1] | [1,-1] | [1,-1,1,-1,1] | [1,-1,1,-1,1]
                               [1,-1] | [1,-1] | [1,-1,1,-1,1] | [1,-1,-1,-1,1]

2        1          SAT        [1,1,-1] | [1,-1,1] | [1,-1,1,1,-1] | [1,-1,-1,1,-1]
                               [1,1,-1] | [1,-1,1] | [1,-1,1,1,-1] | [1,-1,-1,1,1]

3        1          UNSAT      [1] | [1,-1] | [1,-1,1,-1,1,-1,1] | [1,-1,1,-1,1,-1,1]
                               [1] | [1,-1] | [1,-1,1,-1,1,-1,1] | [1,-1,1,-1,1,1,1]

5        2          SAT        [1,-1,1,-1,1,-1] | [1,1,-1,1,-1,1] | [1,-1,1] | [1,1,-1,1]
                               [1,-1,1,-1,1,-1] | [1,1,-1,1,1,1] | [1,-1,-1] | [1,1,-1,1]

6        1          SAT        [1,-1,1,1] | [1,1,-1] | [1,1,-1,1,-1] | [1,-1,1,-1,1,-1]
                               [1,-1,1,1] | [1,1,-1] | [1,1,-1,1,-1] | [1,-1,1,1,1,-1]

7        1          UNSAT      [1,-1,1,-1,1,1,-1] | [1,1,-1,1,-1,-1,1] | [1,-1,1,-1,1,-1,1] | [1,-1,1,1,-1,1,-1]
                               [1,-1,1,-1,1,1,-1] | [1,1,-1,1,-1,-1,1] | [1,-1,1,1,1,-1,1] | [1,-1,1,1,-1,1,-1]

8        1          SAT        [1,1] | [1,-1,1] | [1,-1,1,-1,1,-1] | [1,1,-1,1,-1,1]
                               [1,1] | [1,-1,1] | [1,-1,-1,-1,1,-1] | [1,1,-1,1,-1,1]


================================================================================
DETAILED RESULTS
================================================================================

Original Prefix 1
  Original:  [1,-1] | [1,-1] | [1,-1,1,-1,1] | [1,-1,1,-1,1]
  UNSAT Core Size:  14
  UNSAT Core (sample): [['W_4', 1], ['W_3', -1], ['W_2', 1], ['W_1', -1], ['W_0', 1]]
    ... and 9 more

  Corrected: [1,-1] | [1,-1] | [1,-1,1,-1,1] | [1,-1,-1,-1,1]
  Number of Changes: 1
  Result: SAT

--------------------------------------------------------------------------------

Original Prefix 2
  Original:  [1,1,-1] | [1,-1,1] | [1,-1,1,1,-1] | [1,-1,-1,1,-1]
  UNSAT Core Size:  16
  UNSAT Core (sample): [['W_4', -1], ['W_3', 1], ['W_2', -1], ['W_1', -1], ['W_0', 1]]
    ... and 11 more

  Corrected: [1,1,-1] | [1,-1,1] | [1,-1,1,1,-1] | [1,-1,-1,1,1]
  Number of Changes: 1
  Result: SAT

--------------------------------------------------------------------------------

Original Prefix 3
  Original:  [1] | [1,-1] | [1,-1,1,-1,1,-1,1] | [1,-1,1,-1,1,-1,1]
  UNSAT Core Size:  16
  UNSAT Core (sample): [['W_5', -1], ['W_4', 1], ['W_3', -1], ['W_2', 1], ['W_1', -1]]
    ... and 11 more

  Corrected: [1] | [1,-1] | [1,-1,1,-1,1,-1,1] | [1,-1,1,-1,1,1,1]
  Number of Changes: 1
  Result: UNSAT
  New UNSAT Core Size: 15

--------------------------------------------------------------------------------

Original Prefix 5
  Original:  [1,-1,1,-1,1,-1] | [1,1,-1,1,-1,1] | [1,-1,1] | [1,1,-1,1]
  UNSAT Core Size:  16
  UNSAT Core (sample): [['W_2', -1], ['W_1', 1], ['Z_2', 1], ['Z_1', -1], ['Z_0', 1]]
    ... and 11 more

  Corrected: [1,-1,1,-1,1,-1] | [1,1,-1,1,1,1] | [1,-1,-1] | [1,1,-1,1]
  Number of Changes: 2
  Result: SAT

--------------------------------------------------------------------------------

Original Prefix 6
  Original:  [1,-1,1,1] | [1,1,-1] | [1,1,-1,1,-1] | [1,-1,1,-1,1,-1]
  UNSAT Core Size:  18
  UNSAT Core (sample): [['W_5', -1], ['W_4', 1], ['W_3', -1], ['W_2', 1], ['W_1', -1]]
    ... and 13 more

  Corrected: [1,-1,1,1] | [1,1,-1] | [1,1,-1,1,-1] | [1,-1,1,1,1,-1]
  Number of Changes: 1
  Result: SAT

--------------------------------------------------------------------------------

Original Prefix 7
  Original:  [1,-1,1,-1,1,1,-1] | [1,1,-1,1,-1,-1,1] | [1,-1,1,-1,1,-1,1] | [1,-1,1,1,-1,1,-1]
  UNSAT Core Size:  18
  UNSAT Core (sample): [['Z_3', -1], ['Z_2', 1], ['Z_1', -1], ['Z_0', 1], ['Y_6', 1]]
    ... and 13 more

  Corrected: [1,-1,1,-1,1,1,-1] | [1,1,-1,1,-1,-1,1] | [1,-1,1,1,1,-1,1] | [1,-1,1,1,-1,1,-1]
  Number of Changes: 1
  Result: UNSAT
  New UNSAT Core Size: 19

--------------------------------------------------------------------------------

Original Prefix 8
  Original:  [1,1] | [1,-1,1] | [1,-1,1,-1,1,-1] | [1,1,-1,1,-1,1]
  UNSAT Core Size:  16
  UNSAT Core (sample): [['W_5', 1], ['W_4', -1], ['W_3', 1], ['W_2', -1], ['W_1', 1]]
    ... and 11 more

  Corrected: [1,1] | [1,-1,1] | [1,-1,-1,-1,1,-1] | [1,1,-1,1,-1,1]
  Number of Changes: 1
  Result: SAT

--------------------------------------------------------------------------------

================================================================================
STATISTICS
================================================================================
Total UNSAT Prefixes: 7
Successfully Corrected: 5 (71.4%)
Still UNSAT:            2
Avg Changes (successful): 1.2
